   2.8629836e+01
   3.4506341e+01
   3.6368343e+01
   3.0990698e+01
   3.2011830e+01
   3.7054856e+01
   3.1223430e+01
   3.6941473e+01
   3.8824400e+01
   3.7781249e+01
   3.4190381e+01
   3.5129641e+01
   4.4216469e+01
   4.7232897e+01
   4.0889318e+01
   5.0540580e+01
   4.6732320e+01
   4.5727817e+01
   3.8686581e+01
   4.8690904e+01
   4.6705285e+01
   4.5513836e+01
   4.4815404e+01
   3.7945442e+01
   3.9265800e+01
   4.5292247e+01
   4.7157521e+01
   4.4915614e+01
   4.2901054e+01
   4.7558452e+01
   3.0318317e+01
   4.5581942e+01
   4.1286597e+01
   4.6641425e+01
   3.8866712e+01
   4.2419097e+01
   4.9674587e+01
   5.5989549e+01
   4.2980887e+01
   4.3618937e+01
   5.3082417e+01
   5.1897331e+01
   4.1413950e+01
   5.0497159e+01
   5.7858866e+01
   5.3189327e+01
   5.6573314e+01
   5.2793451e+01
   4.6960432e+01
   5.9415377e+01
   4.8267859e+01
   5.6111660e+01
   6.2722562e+01
   5.0002987e+01
   6.0886895e+01
   5.0067473e+01
   5.6384725e+01
   5.8013482e+01
   5.9605460e+01
   5.5020685e+01
   5.4056493e+01
   4.0355736e+01
   5.0617150e+01
   5.1441855e+01
   4.7869273e+01
   4.8801112e+01
   4.8862730e+01
   5.5914842e+01
   5.7470877e+01
   4.7595731e+01
   3.9785013e+01
   5.1487508e+01
   4.8606604e+01
   4.9648119e+01
   5.5008758e+01
   4.7772416e+01
   4.6589911e+01
   4.5690216e+01
   5.2974065e+01
   4.4323201e+01
   4.2998436e+01
   4.5580461e+01
   3.7134223e+01
   3.1026694e+01
   4.7595679e+01
   4.5848100e+01
   4.2676769e+01
   4.2368278e+01
   3.9628300e+01
   4.6836037e+01
   4.5903373e+01
   4.2835123e+01
   4.2427481e+01
   4.2479759e+01
   3.5314196e+01
   3.0894615e+01
   4.3233148e+01
   4.6220812e+01
   3.5992109e+01
   4.9247681e+01
   4.3357580e+01
   4.3730448e+01
   4.7842428e+01
   4.1799876e+01
   5.4692729e+01
   5.3917577e+01
   4.6925537e+01
   3.4634644e+01
   4.9007671e+01
   4.5053951e+01
   5.4421084e+01
   4.8370434e+01
   3.7931514e+01
   4.2890758e+01
   3.6979518e+01
   3.6260106e+01
   4.2926546e+01
   3.8241666e+01
   4.1436703e+01
   3.7353471e+01
   3.5024701e+01
   3.8933443e+01
   3.4559711e+01
   3.3455279e+01
   3.3938993e+01
   4.0914036e+01
   2.7192839e+01
   4.3403151e+01
   4.0959156e+01
   4.1280029e+01
   3.9214718e+01
   3.0566343e+01
   4.2774141e+01
   3.8976921e+01
   4.1981098e+01
   4.2722678e+01
   3.6244774e+01
   3.7721958e+01
   4.2555212e+01
   4.3305216e+01
   4.4020605e+01
   2.8955576e+01
   4.1089118e+01
   3.5684179e+01
   4.8477751e+01
   4.7968333e+01
   3.4464885e+01
   3.9268278e+01
   4.0358130e+01
   4.7879656e+01
   4.5012164e+01
   4.8880127e+01
   4.9323614e+01
   4.0618260e+01
   4.9437170e+01
   4.8520953e+01
   5.6083717e+01
   4.8289601e+01
   4.7800144e+01
   4.8198215e+01
   4.3582178e+01
   5.3732799e+01
   5.5804599e+01
   4.8079162e+01
   4.5363880e+01
   4.5608282e+01
   4.4034543e+01
   5.3075115e+01
   3.9265538e+01
   4.4343696e+01
   4.4311655e+01
   4.2811273e+01
   4.0597448e+01
   4.5387393e+01
   2.5628927e+01
   4.5732054e+01
   5.2286892e+01
   4.1411192e+01
   3.7060647e+01
   3.3456282e+01
   3.7990457e+01
   3.6475218e+01
   4.5864572e+01
   4.8124203e+01
   3.7461661e+01
   3.5293803e+01
   4.1504591e+01
   3.2688240e+01
   3.6721609e+01
   3.2692780e+01
   4.1945483e+01
   3.5812615e+01
   2.9473440e+01
   4.4178090e+01
   3.9493137e+01
   3.4653947e+01
   3.7991842e+01
   2.8485085e+01
   2.7160415e+01
   3.3981160e+01
   2.6925524e+01
   2.9996450e+01
   2.3839132e+01
   3.1719851e+01
   3.4203748e+01
   3.5458199e+01
   3.0475591e+01
   2.7196955e+01
   3.7214915e+01
   4.4231136e+01
   3.6128195e+01
   3.7116296e+01
   4.2819533e+01
   4.2431518e+01
   3.1813574e+01
   3.9462953e+01
   4.0065341e+01
   4.0124003e+01
   3.2867546e+01
   3.6238520e+01
   2.6377948e+01
   3.7118377e+01
   3.0761884e+01
   3.5003079e+01
   3.8804290e+01
   4.1208175e+01
   2.3704808e+01
   3.5785011e+01
   3.2824486e+01
   3.3212934e+01
   3.5687429e+01
   3.8690411e+01
   3.9088305e+01
   3.5823112e+01
   4.6543607e+01
   4.3645552e+01
   3.1685228e+01
   3.6170176e+01
   4.4282910e+01
   4.5602581e+01
   4.3851803e+01
   3.7255594e+01
   4.6942251e+01
   3.9705010e+01
   3.5471173e+01
   3.6660097e+01
   3.7191894e+01
   4.1552662e+01
   4.4751145e+01
   5.1980744e+01
   5.2274725e+01
   4.7670900e+01
   5.4177052e+01
   4.5651269e+01
   4.7414813e+01
   5.3127387e+01
   3.9265181e+01
   4.5495204e+01
   5.3361347e+01
   4.6060279e+01
   4.6327787e+01
   5.2789158e+01
   4.9532918e+01
   4.5233123e+01
   5.3712489e+01
   5.2795783e+01
   5.2320493e+01
   4.5759568e+01
   4.8851421e+01
   5.1658190e+01
   4.7087368e+01
   4.6393705e+01
   4.7509099e+01
   4.7443758e+01
   4.9543206e+01
   4.4135343e+01
   4.2678101e+01
   4.5803518e+01
   4.0478114e+01
   4.0051646e+01
   4.5490981e+01
   3.3049351e+01
   4.7530430e+01
   4.4531661e+01
   4.0393498e+01
   3.8294828e+01
   5.0239527e+01
   4.3425930e+01
   4.6254976e+01
   4.4448459e+01
   3.7385949e+01
   4.2507248e+01
   4.8278817e+01
   4.5969574e+01
   4.1318240e+01
   4.2238096e+01
   4.4367292e+01
   4.6003081e+01
   3.5581314e+01
   4.1234160e+01
   3.7522868e+01
   3.3961617e+01
   4.6404122e+01
   3.0573592e+01
   3.6388417e+01
   3.4929742e+01
   4.1143302e+01
   3.2782341e+01
   3.9382522e+01
   4.5563196e+01
   2.7841250e+01
   3.7021430e+01
   4.3124699e+01
   3.2535192e+01
   3.4358092e+01
   3.4715576e+01
   2.5199141e+01
   3.9628031e+01
   3.2985155e+01
   2.6099652e+01
   4.3919467e+01
   3.5206692e+01
   3.7255151e+01
   3.3771237e+01
   3.5172414e+01
   3.2443064e+01
   4.3300643e+01
   4.1183429e+01
   2.6558598e+01
   4.0607200e+01
   3.8721725e+01
   3.5530406e+01
   4.0320230e+01
   3.6677086e+01
   4.3191695e+01
   3.4946173e+01
   3.9873276e+01
   4.1818775e+01
   4.0019155e+01
   4.6861331e+01
   4.2724405e+01
   3.4509600e+01
   3.8916316e+01
   4.5573909e+01
   3.7436667e+01
   4.3659279e+01
   4.6885387e+01
   3.4717823e+01
   4.1992472e+01
   4.6993456e+01
   4.1697735e+01
   3.6593362e+01
   4.2159996e+01
   4.3383144e+01
   4.7183848e+01
   4.9799063e+01
   5.7928627e+01
   5.0356201e+01
   4.2329702e+01
   4.8749795e+01
   4.0960950e+01
   4.5672639e+01
   4.6177220e+01
   3.7068466e+01
   4.6651029e+01
   3.9844061e+01
   4.5065500e+01
   4.8158145e+01
   4.4973006e+01
   5.0289072e+01
   4.7788680e+01
   4.6657990e+01
   6.2130782e+01
   5.2133655e+01
   4.7639263e+01
   5.2326627e+01
   5.1629328e+01
   4.9732187e+01
   4.4152404e+01
   4.8534607e+01
   5.3704148e+01
   5.0681129e+01
   5.5883937e+01
   4.9822862e+01
   4.8167644e+01
   4.7838082e+01
   4.7675444e+01
   4.1457676e+01
   4.5841420e+01
   4.7010310e+01
   4.2335252e+01
   4.6913016e+01
   4.1107234e+01
   4.4845879e+01
   4.3886317e+01
   4.4810832e+01
   3.6657775e+01
   4.5604273e+01
   4.1119417e+01
   4.5260102e+01
   3.8001298e+01
   4.5262181e+01
   4.0111529e+01
   4.7481703e+01
   3.6794897e+01
   3.7423893e+01
   3.5714885e+01
   4.0973044e+01
   4.0044437e+01
   3.5750056e+01
   5.1110579e+01
   3.7120896e+01
   3.8255431e+01
   4.0306131e+01
   4.1971050e+01
   3.5703699e+01
   3.7354270e+01
   3.4530272e+01
   3.0928566e+01
   3.8533208e+01
   3.3585687e+01
   3.2047535e+01
   2.2355052e+01
   3.8124784e+01
   3.5705906e+01
   3.4830420e+01
   3.0021810e+01
   2.6922508e+01
   2.8981344e+01
   3.3883086e+01
   1.8374961e+01
   2.5314153e+01
   3.5877101e+01
   2.3863581e+01
   3.3283396e+01
   2.8162144e+01
   2.3703377e+01
   3.4473332e+01
   3.3838880e+01
   3.1442546e+01
   3.1777770e+01
   1.6738448e+01
   3.2832792e+01
   2.2753556e+01
   2.4990437e+01
   2.2001356e+01
   2.4817801e+01
   3.6803167e+01
   2.2802783e+01
   3.5914809e+01
   3.1694505e+01
   2.7015103e+01
   2.7535564e+01
   2.4175865e+01
   3.6590189e+01
   3.2154603e+01
   3.1892067e+01
   3.9557565e+01
   3.2745993e+01
   3.8019114e+01
   4.6173882e+01
   4.0160778e+01
   5.1039955e+01
   4.6446459e+01
   4.3632836e+01
   3.3467759e+01
   4.2300569e+01
   4.6425199e+01
   4.4569676e+01
   3.9553886e+01
   3.8944876e+01
   3.9728639e+01
   3.4998154e+01
   3.4312589e+01
   4.0003810e+01
   3.2406726e+01
   3.3136683e+01
   3.3881463e+01
   4.1466911e+01
   3.5955188e+01
   3.2957913e+01
   3.4250235e+01
   3.8053989e+01
   5.1253556e+01
   3.7497019e+01
   3.9562976e+01
   3.8431884e+01
   3.2291859e+01
   3.9235498e+01
   4.4607064e+01
   4.7953528e+01
   4.5745977e+01
   5.0655422e+01
   4.2347892e+01
   3.5848563e+01
   4.4408238e+01
   4.5670145e+01
   5.0013422e+01
   4.1689479e+01
   4.0086471e+01
   4.3647841e+01
   5.2381544e+01
   4.3110054e+01
   4.1285708e+01
   4.4805704e+01
   4.6575895e+01
   4.9346750e+01
   4.2860489e+01
   4.2549984e+01
   4.0780970e+01
   4.2798106e+01
   4.9002555e+01
   4.2680620e+01
   5.4956129e+01
   4.4455858e+01
   4.7681766e+01
   5.6945857e+01
   4.9387760e+01
   5.2990515e+01
   3.5696336e+01
   4.4262192e+01
   3.7588800e+01
   4.3326594e+01
   4.9559875e+01
   4.8291663e+01
   4.3373065e+01
   4.4550227e+01
   3.7700267e+01
   4.2355221e+01
   3.1531815e+01
   3.5944765e+01
   4.2941884e+01
   3.7193408e+01
   3.0101441e+01
   4.2644304e+01
   3.5584484e+01
   3.9326813e+01
   4.1874255e+01
   3.3143929e+01
   4.1297135e+01
   4.4568604e+01
   3.8866237e+01
   3.7715839e+01
   2.7019375e+01
   3.4449007e+01
   3.9686199e+01
   2.8121339e+01
   2.4346152e+01
   2.5789596e+01
   3.7297916e+01
   3.6559994e+01
   3.5831559e+01
   3.9626760e+01
   4.2440794e+01
   3.6098602e+01
   3.7838733e+01
   4.4620752e+01
   3.9609900e+01
   3.4714505e+01
   3.2534368e+01
   2.5091231e+01
   4.6917158e+01
   4.7777873e+01
   4.3499395e+01
   4.3866039e+01
   4.6356555e+01
   4.1883866e+01
   4.2988394e+01
   4.6448141e+01
   3.9477120e+01
   4.8445154e+01
   4.3600936e+01
   4.6985323e+01
   5.7929286e+01
   4.4829021e+01
   4.2910029e+01
   4.2756086e+01
   5.1000357e+01
   4.5523289e+01
   5.0379707e+01
   5.1511332e+01
   5.1414310e+01
   4.0450419e+01
   4.6174569e+01
   3.9191554e+01
   4.3154174e+01
   4.7946256e+01
   3.2585713e+01
   3.9865398e+01
   3.4593615e+01
   4.5972939e+01
   4.4418902e+01
   3.2224742e+01
   4.7670563e+01
   4.1332133e+01
   3.3584481e+01
   3.9637987e+01
   3.4927239e+01
   2.7169048e+01
   3.3107448e+01
   2.4837720e+01
   3.2740302e+01
   3.4758954e+01
   3.1276442e+01
   4.0162067e+01
   3.4188237e+01
   4.3261583e+01
   3.3857674e+01
   3.2912620e+01
   3.8942552e+01
   3.9458052e+01
   4.4763493e+01
   3.7982618e+01
   3.1652814e+01
   3.0803574e+01
   4.4734915e+01
   3.4972273e+01
   4.3654676e+01
   3.8812228e+01
   4.2267715e+01
   4.3614695e+01
   4.5519933e+01
   4.1520341e+01
   4.5077157e+01
   4.3699796e+01
   4.6002915e+01
   4.8243872e+01
   5.2801213e+01
   4.6087886e+01
   5.3334334e+01
   4.9262303e+01
   4.8865820e+01
   4.9241179e+01
   4.0067411e+01
   5.2509826e+01
   4.8755006e+01
   5.0523336e+01
   5.5539547e+01
   4.3691820e+01
   4.4773502e+01
   5.2501674e+01
   5.1985570e+01
   4.9674053e+01
   4.9601385e+01
   5.2462292e+01
   5.0103536e+01
   5.0206337e+01
   4.2133230e+01
   4.1471159e+01
   4.5839906e+01
   4.7987643e+01
   4.9349220e+01
   4.5134876e+01
   4.5100779e+01
   3.4107972e+01
   3.6297747e+01
   4.8225532e+01
   4.4236172e+01
   3.3099709e+01
   3.8442347e+01
   3.9052447e+01
   3.7066736e+01
   3.1356590e+01
   3.8777560e+01
   4.2630968e+01
   3.4344283e+01
   3.3263794e+01
   3.2038125e+01
   3.1772151e+01
   3.5462866e+01
   3.6006233e+01
   3.8621353e+01
   2.8107524e+01
   3.9771017e+01
   3.8132555e+01
   3.9914196e+01
   3.1702756e+01
   3.2610214e+01
   3.0367983e+01
   2.4948622e+01
   3.6556040e+01
   3.5708280e+01
   4.3785037e+01
   3.4296733e+01
   4.1129575e+01
   3.0643407e+01
   4.2642280e+01
   4.0391034e+01
   3.2575635e+01
   3.7743230e+01
   3.9271353e+01
   4.3591140e+01
   3.2633922e+01
   3.3215317e+01
   3.6661056e+01
   2.8936735e+01
   3.2340945e+01
   4.0737972e+01
   3.0091092e+01
   2.9969669e+01
   4.5980600e+01
   4.5250163e+01
   3.5696270e+01
   4.2011555e+01
   3.5260907e+01
   2.9025971e+01
   3.6122803e+01
   4.4045036e+01
   3.3455395e+01
   3.5831183e+01
   3.9692444e+01
   3.8094450e+01
   3.3780726e+01
   3.9552537e+01
   3.4128894e+01
   3.3729839e+01
   3.6760868e+01
   3.5130007e+01
   3.5619121e+01
   3.4704933e+01
   4.4654152e+01
   3.2298337e+01
   3.0403046e+01
   4.7139129e+01
   3.3591097e+01
   3.9662686e+01
   3.4426164e+01
   3.0219372e+01
   3.8585088e+01
   3.8653905e+01
   3.7267746e+01
   3.4712284e+01
   2.8954535e+01
   3.4660721e+01
   3.9268765e+01
   3.2536597e+01
   3.9454739e+01
   3.4847361e+01
   3.6350586e+01
   4.2818252e+01
   3.8208722e+01
   3.8606383e+01
   4.3802730e+01
   3.7652743e+01
   3.4233607e+01
   3.0308176e+01
   3.5257456e+01
   3.6109553e+01
   3.7727211e+01
   4.4432815e+01
   3.4814190e+01
   3.5998438e+01
   3.8350462e+01
   3.6602156e+01
   3.7656008e+01
   3.5899525e+01
   2.3396383e+01
   3.2591327e+01
   3.2566963e+01
   3.4636671e+01
   3.6809349e+01
   4.1899311e+01
   3.3581159e+01
   3.9569245e+01
   4.5646885e+01
   4.4968183e+01
   3.6852062e+01
   4.1877367e+01
   4.6183708e+01
   3.6600292e+01
   4.2740924e+01
   3.9341381e+01
   4.0820566e+01
   4.2500175e+01
   4.3449196e+01
   4.3728681e+01
   3.9601956e+01
   3.8855636e+01
   2.4101678e+01
   2.9870348e+01
   3.6716170e+01
   3.3462563e+01
   3.3255610e+01
   4.0898167e+01
   3.2935735e+01
   3.5058732e+01
   3.7167953e+01
   4.0669353e+01
   4.2403757e+01
   5.0581656e+01
   4.0055645e+01
   3.4200758e+01
   4.4098978e+01
   4.1118560e+01
   3.0831032e+01
   4.3370801e+01
   3.6395230e+01
   4.3164154e+01
   3.5952643e+01
   4.1144174e+01
   4.3609526e+01
   3.2000050e+01
   3.9328258e+01
   3.6846804e+01
   3.7453207e+01
   4.0639015e+01
   4.2779709e+01
   4.1362597e+01
   3.8090843e+01
   4.3073844e+01
   5.2654540e+01
   4.3179637e+01
   4.3166995e+01
   4.1102811e+01
   3.7765367e+01
   4.3132956e+01
   4.1345298e+01
   4.2164491e+01
   4.2642538e+01
   3.8862349e+01
   3.6491337e+01
   4.0696463e+01
   3.9488984e+01
   4.6462297e+01
   5.2871332e+01
   4.9864585e+01
   3.8251509e+01
   3.6355338e+01
   4.5307358e+01
   4.9927041e+01
   4.4446750e+01
   5.0092730e+01
   3.8582046e+01
   4.8999604e+01
   3.6582352e+01
   3.5447044e+01
   5.6523462e+01
   4.1282085e+01
   4.7939132e+01
   4.4669339e+01
   4.2849955e+01
   3.8828947e+01
   4.3952658e+01
   4.2287402e+01
   5.0522481e+01
   4.1336054e+01
   4.0932598e+01
   2.7486648e+01
   4.5400960e+01
   5.0196128e+01
   4.6495112e+01
   4.2343781e+01
   4.8313850e+01
   4.2678556e+01
   4.5170694e+01
   4.2254789e+01
   3.7035475e+01
   4.7890475e+01
   4.2907782e+01
   2.7222999e+01
   4.1838112e+01
   4.2762567e+01
   4.6997459e+01
   4.0221073e+01
   4.7203705e+01
   4.3052314e+01
   5.0355711e+01
   5.6106676e+01
   4.2569990e+01
   4.3602040e+01
   5.1458822e+01
   4.8780496e+01
   3.6713093e+01
   3.9084651e+01
   3.7503244e+01
   4.5484950e+01
   3.9521185e+01
   3.8388864e+01
   4.3431546e+01
   4.0908036e+01
   3.8077526e+01
   2.5878838e+01
   2.8428414e+01
   2.9804518e+01
   4.2191459e+01
   4.0414502e+01
   3.7024790e+01
   4.4999010e+01
   3.7479636e+01
   3.9389092e+01
   4.1336995e+01
   3.5258617e+01
   3.2968309e+01
   3.4593825e+01
   4.8431998e+01
   3.5578528e+01
   3.1235992e+01
   4.4552533e+01
   3.9423529e+01
   3.8929843e+01
   3.2379413e+01
   2.6727794e+01
   3.5676738e+01
   3.1986583e+01
   3.2859070e+01
   3.4740329e+01
   4.3213904e+01
   4.2622470e+01
   4.3500965e+01
   2.5306159e+01
   2.9688395e+01
   2.8572581e+01
   3.8987413e+01
   3.1597797e+01
   3.4005910e+01
   3.4053843e+01
   3.1101346e+01
   3.2250546e+01
   3.2419051e+01
   3.0251150e+01
   2.7866970e+01
   2.3912739e+01
   3.4912114e+01
   3.1397909e+01
   2.9117065e+01
   3.8548642e+01
   3.6079164e+01
   4.7253264e+01
   2.8523905e+01
   2.6012657e+01
   3.3543576e+01
   2.8164786e+01
   3.5203891e+01
   3.7961534e+01
   4.9725296e+01
   3.0005005e+01
   2.8379712e+01
   4.4412949e+01
   3.7573855e+01
   4.6944296e+01
   4.7724589e+01
   3.7194602e+01
   4.3624850e+01
   4.2344420e+01
   4.1034240e+01
   3.5831924e+01
   4.4336499e+01
   3.6837664e+01
   4.3175887e+01
   2.8977426e+01
   4.7263217e+01
   4.0714745e+01
   4.4835046e+01
   3.7593152e+01
   4.7110761e+01
   4.2975103e+01
   3.2425796e+01
   5.1807294e+01
   5.5961674e+01
   4.3117446e+01
   3.3044756e+01
   3.5630854e+01
   3.5447126e+01
   4.8407966e+01
   2.6496611e+01
   4.0687006e+01
   2.6905139e+01
   3.8299005e+01
   3.6128419e+01
   2.5429712e+01
   3.0475910e+01
   2.8979226e+01
   3.9948738e+01
   2.0833507e+01
   2.9588856e+01
   3.0077541e+01
   3.7194898e+01
   2.9707682e+01
   2.8096570e+01
   2.7791557e+01
   3.2504677e+01
   2.8701368e+01
   2.6993784e+01
   2.8573246e+01
   2.6894732e+01
   2.2648586e+01
   2.8186611e+01
   2.4516526e+01
   2.8360637e+01
   1.9941345e+01
   3.3048708e+01
   4.3149517e+01
   3.2981091e+01
   3.0651156e+01
   3.2518307e+01
   3.5946990e+01
   3.5825362e+01
   3.5541024e+01
   3.2632666e+01
   3.7617151e+01
